250206
272001
271990
250788
252248
250692
250050
344019
271932
271869
251709
344000
271921
271942
271808
271961
250017
250780
271814
250801
271839
271819
344008
271957
250146
271856
251170
344033
271987
344029
344001
271849
343999
272018
344020
344022
250478
344031
343997
343993
271906
271831
344010
344021
344028
252336
272005
251704
252056
344003
271913
344030
343994
344024
344009
250150
250939
344023
344002
271901
56654
344012
343998
250889
251187
251100
344014
250383
343996
272022
344025
344032
344027
344015
271857
271915
271923
251971
343995
344034
271893
271900
251076
271892
271815
251186
271977
344018
250714
250149
344004
272026
344017
271964
271804
252396
344007
344016
271886
271975
344011
271963
